phi,S
1.4418873925449684,0.0
1.443849666910803,8.469425343354066e-05
1.4458119412766375,0.0001994034237385381
1.4477742156424718,0.00033754290213672245
1.449736490008306,0.0004956762927610918
1.4516987643741406,0.0006715807577601398
1.453661038739975,0.0008636630560309325
1.4556233131058094,0.0010707080815971766
1.4575855874716437,0.0012917493084955408
1.4595478618374782,0.0015259940915253126
1.4615101362033127,0.001772777085461407
1.463472410569147,0.0020315294606285273
1.4654346849349815,0.0023017576219736264
1.467396959300816,0.0025830279594609273
1.4693592336666503,0.002874955594151557
1.4713215080324846,0.003177195866582481
1.4732837823983191,0.0034894377638072654
1.4752460567641537,0.0038113987519595863
1.477208331129988,0.004142820650202026
1.4791706054958222,0.004483466291010985
1.4811328798616568,0.004833116784183141
1.4830951542274913,0.005191569251251871
1.4850574285933256,0.005558634931302362
1.4870197029591599,0.00593413758350647
1.4889819773249944,0.006317912129263964
1.490944251690829,0.006709803489719023
1.4929065260566632,0.007109665584003731
1.4948688004224975,0.007517360460782008
1.496831074788332,0.007932757541175265
1.4987933491541665,0.008355732955398244
1.5007556235200008,0.008786168958741038
1.502717897885835,0.00922395341513307
1.5046801722516696,0.009668979338586533
1.5066424466175041,0.01012114448446513
1.5086047209833384,0.010580350983851239
1.5105669953491727,0.011046505015360577
1.5125292697150075,0.011519516509632094
1.5144915440808417,0.011999298882442578
1.516453818446676,0.012485768792993202
1.5184160928125106,0.012978845924407113
1.520378367178345,0.013478452783894071
1.5223406415441794,0.013984514520383674
1.5243029159100137,0.014496958757721069
1.5262651902758482,0.01501571544176669
1.5282274646416827,0.015540716699952429
1.530189739007517,0.01607189671202633
1.5321520133733513,0.01660919159087138
1.5341142877391858,0.017152539272416317
1.5360765621050203,0.017701879413770903
1.5380388364708546,0.018257153298817094
1.540001110836689,0.01881830375057277
1.5419633852025234,0.01938527504971943
1.543925659568358,0.01995801285875103
1.5458879339341922,0.020536464151258274
1.5478502083000265,0.02112057714591243
1.549812482665861,0.021710301244756834
1.5517747570316955,0.022305586975453814
1.5537370313975298,0.02290638593716924
1.5556993057633641,0.023512650749806987
1.5576615801291989,0.024124335006332813
1.5596238544950332,0.02474139322795127
1.5615861288608675,0.025363780821922945
1.563548403226702,0.025991454041824145
1.5655106775925365,0.02662436995007273
1.5674729519583708,0.02726248638255756
1.569435226324205,0.027905761915222763
1.5713975006900396,0.028554155832470594
1.573359775055874,0.029207628097258524
1.5753220494217084,0.02986613932277641
1.5772843237875427,0.030529650745598297
1.5792465981533772,0.031198124200211744
1.5812088725192117,0.03187152209483577
1.583171146885046,0.032549807388445415
1.5851334212508803,0.033232943568926636
1.5870956956167148,0.033920894632291
1.5890579699825493,0.03461362506288529
1.5910202443483836,0.035311099814536236
1.592982518714218,0.03601328429257401
1.5949447930800524,0.03672014433668233
1.596907067445887,0.0374316462045272
1.5988693418117212,0.038147756556119794
1.6008316161775555,0.03886844243887126
1.6027938905433903,0.03959367127330037
1.6047561649092246,0.04032341083935735
1.6067184392750589,0.04105762926333204
1.6086807136408934,0.04179629500531162
1.610642988006728,0.04253937684716026
1.6126052623725622,0.043286843880992736
1.6145675367383965,0.04403866549811579
1.616529811104231,0.044794811378412555
1.6184920854700655,0.04555525148014753
1.6204543598358998,0.04631995603017097
1.622416634201734,0.047088895514502314
1.6243789085675686,0.047862040669273256
1.6263411829334031,0.04863936247201307
1.6283034572992374,0.04942083213325977
1.6302657316650717,0.0502064210884809
1.6322280060309062,0.05099610099028885
1.6341902803967407,0.051789843700936915
1.636152554762575,0.05258762128508318
1.6381148291284093,0.053389406002809545
1.6400771034942438,0.05419517030288348
1.6420393778600784,0.05500488681625196
1.6440016522259127,0.055818528349757084
1.645963926591747,0.05663606788006334
1.6479262009575815,0.05745747854778641
1.649888475323416,0.05828273365181507
1.6518507496892503,0.05911180664381801
1.6538130240550848,0.05994467112292723
1.6557752984209193,0.06078130083058943
1.6577375727867536,0.0616216696455798
1.659699847152588,0.06246575157917044
1.6616621215184224,0.06331352077044644
1.663624395884257,0.06416495148176392
1.6655866702500912,0.06502001809434434
1.6675489446159255,0.06587869510399916
1.66951121898176,0.06674095711697905
1.6714734933475945,0.06760677884594293
1.6734357677134288,0.06847613510604222
1.6753980420792631,0.0693490008111156
1.6773603164450976,0.07022535096998903
1.6793225908109322,0.07110516068287748
1.6812848651767665,0.07198840513788468
1.6832471395426007,0.0728750596075965
1.6852094139084353,0.07376509944576405
1.6871716882742698,0.07465850008407321
1.689133962640104,0.0755552370289978
1.6910962370059384,0.0764552858587326
1.6930585113717729,0.07735862222020283
1.6950207857376074,0.07826522182614751
1.6969830601034417,0.07917506045227428
1.6989453344692762,0.08008811393448263
1.7009076088351107,0.08100435816615205
1.702869883200945,0.08192376909549419
1.7048321575667793,0.08284632272296598
1.7067944319326138,0.08377199509874074
1.7087567062984483,0.08470076232023574
1.7107189806642826,0.08563260052969439
1.712681255030117,0.08656748591182072
1.7146435293959514,0.08750539469146358
1.716605803761786,0.08844630313134937
1.7185680781276202,0.08939018752986162
1.7205303524934545,0.0903370242188656
1.722492626859289,0.09128678956157547
1.7244549012251236,0.09223945995046319
1.7264171755909579,0.09319501180520763
1.7283794499567922,0.09415342157068243
1.7303417243226267,0.09511466571498031
1.7323039986884612,0.09607872072747313
1.7342662730542955,0.09704556311690671
1.7362285474201298,0.09801516940952865
1.7381908217859643,0.09898751614724752
1.7401530961517988,0.09996257988582258
1.742115370517633,0.10094033719308339
1.7440776448834676,0.10192076464717774
1.7460399192493021,0.1029038388348458
1.7480021936151364,0.10388953634972131
1.7499644679809707,0.10487783379065785
1.7519267423468052,0.10586870776007862
1.7538890167126397,0.1068621348623495
1.755851291078474,0.10785809170217459
1.7578135654443083,0.10885655488301317
1.7597758398101429,0.10985750100551653
1.7617381141759774,0.11086090666598439
1.7637003885418117,0.11186674845484049
1.765662662907646,0.11287500295512606
1.7676249372734805,0.11388564674101005
1.769587211639315,0.11489865637631563
1.7715494860051493,0.11591400841306283
1.7735117603709836,0.11693167939002605
1.775474034736818,0.11795164583130532
1.7774363091026526,0.1189738842449111
1.779398583468487,0.11999837112136226
1.7813608578343212,0.1210250829322964
1.7833231322001557,0.12205399612909112
1.7852854065659902,0.12308508714149625
1.7872476809318245,0.12411833237627685
1.789209955297659,0.125153708215866
1.7911722296634935,0.12619119101702564
1.7931345040293278,0.12723075710951712
1.7950967783951621,0.12827238279477943
1.7970590527609966,0.12931604434461452
1.7990213271268312,0.13036171799987945
1.8009836014926655,0.13140937996918528
1.8029458758584997,0.13245900642760194
1.8049081502243343,0.1335105735153678
1.8068704245901688,0.13456405733660406
1.808832698956003,0.135619433958034
1.8107949733218374,0.13667667940770575
1.8127572476876719,0.13773576967371837
1.8147195220535064,0.1387966807029502
1.8166817964193407,0.13985938839979054
1.818644070785175,0.14092386862487283
1.8206063451510095,0.14199009719380903
1.822568619516844,0.14305804987592477
1.8245308938826783,0.14412770239299558
1.8264931682485126,0.14519903041798313
1.8284554426143471,0.14627200957377054
1.8304177169801816,0.1473466154318969
1.832379991346016,0.14842282351129088
1.8343422657118504,0.14950060927700284
1.836304540077685,0.15057994813893352
1.8382668144435192,0.1516608154505612
1.8402290888093535,0.1527431865076658
1.842191363175188,0.1538270365470488
1.8441536375410226,0.15491234074524932
1.8461159119068569,0.1559990742172563
1.8480781862726912,0.15708721201521578
1.8500404606385257,0.1581767291271324
1.8520027350043602,0.15926760047556537
1.8539650093701945,0.16035980091631852
1.8559272837360288,0.1614533052371239
1.8578895581018633,0.1625480881563178
1.8598518324676978,0.16364412432150935
1.861814106833532,0.16474138830824148
1.8637763811993664,0.16583985461864365
1.865738655565201,0.16693949768007513
1.8677009299310354,0.168040291843759
1.8696632042968697,0.16914221138340677
1.871625478662704,0.17024523049383286
1.8735877530285385,0.17134932328955774
1.875550027394373,0.17245446380339982
1.8775123017602073,0.17356062598505625
1.8794745761260419,0.17466778369967154
1.8814368504918764,0.17577591072639231
1.8833991248577107,0.17688498075691017
1.885361399223545,0.17799496739399043
1.8873236735893795,0.17910584414998623
1.889285947955214,0.18021758444533803
1.8912482223210483,0.18133016160705792
1.8932104966868826,0.18244354886719838
1.895172771052717,0.18355771936130402
1.8971350454185514,0.18467264612684609
1.899097319784386,0.18578830210164082
1.9010595941502204,0.1869046601222478
1.9030218685160547,0.1880216929223508
1.9049841428818892,0.18913937313111928
1.9069464172477235,0.1902576732715486
1.908908691613558,0.1913765657587816
1.9108709659793923,0.19249602289840662
1.9128332403452268,0.19361601688473593
1.9147955147110611,0.19473651979905923
1.9167577890768956,0.19585750360787602
1.91872006344273,0.19697894016110173
1.9206823378085645,0.19810080119025142
1.9226446121743987,0.1992230583065955
1.9246068865402333,0.20034568299929167
1.9265691609060676,0.2014686466334874
1.928531435271902,0.2025919204483968
1.9304937096377364,0.2037154755553467
1.9324559840035709,0.20483928293579526
1.9344182583694052,0.20596331343931815
1.9363805327352397,0.2070875377815654
1.938342807101074,0.20821192654218423
1.9403050814669085,0.20933645016271052
1.9422673558327428,0.21046107894442437
1.9442296301985773,0.2115857830461725
1.9461919045644118,0.2127105324821527
1.9481541789302461,0.21383529711966223
1.9501164532960806,0.21496004667680832
1.952078727661915,0.2160847507201777
1.9540410020277494,0.21720937866246776
1.9560032763935837,0.21833389976007406
1.9579655507594182,0.21945828311063678
1.9599278251252525,0.22058249765054128
1.961890099491087,0.22170651215237508
1.9638523738569214,0.2228302952223362
1.9658146482227559,0.2239538152975953
1.9677769225885902,0.22507704064360654
1.9697391969544247,0.22619993935136903
1.971701471320259,0.22732247933463434
1.9736637456860935,0.2284446283270615
1.9756260200519278,0.22956635387931468
1.9775882944177623,0.23068762335610535
1.9795505687835966,0.23180840393317362
1.981512843149431,0.23292866259421066
1.9834751175152654,0.23404836612771654
1.9854373918811,0.2351674811237956
1.9873996662469342,0.23628597397088325
1.9893619406127687,0.2374038108524064
1.9913242149786032,0.23852095774337123
1.9932864893444375,0.23963738040687968
1.995248763710272,0.24075304439057063
1.9972110380761063,0.24186791502298263
1.9991733124419409,0.24298195740983872
2.0011355868077754,0.2440951364302469
2.0030978611736097,0.24520741673281726
2.005060135539444,0.24631876273169104
2.0070224099052787,0.2474291386024791
2.0089846842711125,0.24853850827810606
2.0109469586369473,0.249646835444562
2.0129092330027816,0.2507540835365484
2.014871507368616,0.25186021573302747
2.0168337817344506,0.2529651949526621
2.018796056100285,0.2540689838491458
2.020758330466119,0.25517154480642196
2.022720604831954,0.2562728399337839
2.0246828791977878,0.25737283106085324
2.0266451535636225,0.2584714797324371
2.028607427929457,0.25956874720324963
2.030569702295291,0.2606645944325055
2.032531976661126,0.26175898207837156
2.03449425102696,0.2628518704922748
2.0364565253927944,0.2639432197130646
2.038418799758629,0.2650329894610183
2.0403810741244635,0.26612113913168794
2.0423433484902977,0.2672076277895841
2.0443056228561325,0.26829241416168653
2.0462678972219663,0.2693754566307768
2.048230171587801,0.27045671322859133
2.0501924459536354,0.2715361416287775
2.0521547203194697,0.2726136991396576
2.0541169946853044,0.27368934269678435
2.0560792690511387,0.2747630288552829
2.058041543416973,0.2758347137819742
2.0600038177828077,0.2769043532472658
2.0619660921486416,0.27797190261680377
2.0639283665144763,0.27903731684287947
2.0658906408803106,0.28010055045557253
2.067852915246145,0.28116155755363065
2.0698151896119796,0.28222029179506664
2.071777463977814,0.2832767063874646
2.073739738343648,0.2843307540779853
2.075702012709483,0.2853823871430538
2.077664287075317,0.28643155737771786
2.0796265614411515,0.28747821608466745
2.081588835806986,0.2885223140628904
2.08355111017282,0.2895638015959614
2.085513384538655,0.29060262843993784
2.087475658904489,0.29163874381084975
2.0894379332703235,0.29267209637176717
2.091400207636158,0.2937026342194219
2.0933624820019925,0.2947303048703652
2.095324756367827,0.295755055246643
2.0972870307336615,0.2967768316609605
2.0992493050994954,0.2977955798013163
2.10121157946533,0.29881124471508225
2.1031738538311644,0.2998237707924948
2.1051361281969987,0.3008331017495407
2.1070984025628334,0.3018391806101972
2.1090606769286677,0.3028419496879997
2.111022951294502,0.30384135056690414
2.1129852256603368,0.3048373240814045
2.1149475000261706,0.30582981029586953
2.1169097743920053,0.3068187484830609
2.1188720487578396,0.30780407710178165
2.120834323123674,0.3087857337736196
2.1227965974895087,0.3097636552587283
2.124758871855343,0.31073777743059616
2.1267211462211772,0.3117080352497508
2.128683420587012,0.31267436273633425
2.1306456949528463,0.31363669294148766
2.1326079693186806,0.3145949579174794
2.1345702436845153,0.31554908868649933
2.136532518050349,0.3164990152080432
2.138494792416184,0.317444666344806
2.140457066782018,0.318385969826986
2.1424193411478525,0.3193228522149131
2.1443816155136872,0.3202552388598881
2.1463438898795215,0.3211830538631248
2.148306164245356,0.3221062200326743
2.1502684386111905,0.32302465883819775
2.1522307129770244,0.323938290363447
2.154192987342859,0.3248470332563042
2.1561552617086934,0.32575080467620543
2.1581175360745277,0.32664952023877974
2.1600798104403625,0.32754309395749953
2.1620420848061968,0.32843143818213366
2.164004359172031,0.3293144635337736
2.165966633537866,0.3301920788361774
2.1679289079036996,0.331064191043158
2.1698911822695344,0.3319307051617181
2.1718534566353687,0.3327915241705955
2.173815731001203,0.333646548933867
2.1757780053670377,0.33449567810920716
2.177740279732872,0.3353388080503686
2.1797025540987063,0.336175832703406
2.181664828464541,0.33700664349610887
2.1836271028303753,0.3378311292200584
2.1855893771962096,0.3386491759046612
2.1875516515620443,0.3394606666824336
2.189513925927878,0.3402654816447361
2.191476200293713,0.34106349768706606
2.193438474659547,0.3418545883429005
2.1954007490253815,0.34263862360497876
2.1973630233912163,0.3434154697327601
2.1993252977570505,0.34418498904464406
2.201287572122885,0.3449470396933578
2.2032498464887196,0.34570147542270013
2.2052121208545534,0.34644814530359286
2.207174395220388,0.34718689344710785
2.2091366695862225,0.34791755869179714
2.2110989439520568,0.34863997426228127
2.2130612183178915,0.34935396739557767
2.215023492683726,0.35005935893112106
2.21698576704956,0.35075596285978416
2.218948041415395,0.35144358582643775
2.220910315781229,0.3521220265796754
2.2228725901470634,0.35279107536122234
2.224834864512898,0.3534505132262024
2.226797138878732,0.35410011128380636
2.2287594132445667,0.3547396298458998
2.230721687610401,0.3553688174686224
2.2326839619762353,0.3559874098689606
2.23464623634207,0.35659512869439525
2.2366085107079043,0.35719168011884816
2.2385707850737386,0.3577767532319145
2.2405330594395734,0.3583500181803368
2.242495333805407,0.35891112401023245
2.244457608171242,0.3594596961448383
2.2464198825370763,0.3599953334142105
2.2483821569029105,0.36051760452859255
2.2503444312687453,0.3610260438532462
2.2523067056345796,0.36152014629531193
2.254268980000414,0.3619993610462382
2.2562312543662486,0.3624630838262675
2.2581935287320825,0.36291064713366916
2.260155803097917,0.36334130778273166
2.2621180774637515,0.36375423067188467
2.264080351829586,0.3641484671675873
2.2660426261954205,0.3645229255508894
2.268004900561255,0.36487632930939634
2.269967174927089,0.3652071559285661
2.271929449292924,0.36551354250751583
2.273891723658758,0.3657931304606341
2.2758539980245924,0.3660427860952395
2.277816272390427,0.3662580264560638
2.279778546756261,0.3664315414219776
2.2817408211220958,0.3665466851893208
