phi,U
0.8944128444771684,-0.45778075797520734
0.8963751188430028,-0.45807420563133405
0.8983373932088372,-0.45836524884851304
0.9002996675746716,-0.45865389353294816
0.902261941940506,-0.4589401456000789
0.9042242163063404,-0.45922401097455734
0.9061864906721748,-0.4595054955902256
0.9081487650380092,-0.459784605390093
0.9101110394038436,-0.46006134632631324
0.912073313769678,-0.46033572436016124
0.9140355881355124,-0.46060774546201033
0.9159978625013468,-0.46087741561130935
0.9179601368671813,-0.4611447407965594
0.9199224112330158,-0.46140972701529104
0.9218846855988502,-0.4616723802740411
0.9238469599646846,-0.4619327065883292
0.925809234330519,-0.46219071198263517
0.9277715086963534,-0.4624464024903756
0.9297337830621878,-0.4626997841538806
0.9316960574280222,-0.4629508630243704
0.9336583317938566,-0.4631996451619321
0.935620606159691,-0.46344613663549694
0.9375828805255254,-0.4636903435228157
0.9395451548913598,-0.4639322719104364
0.9415074292571942,-0.46417192789368034
0.9434697036230286,-0.46440931757661896
0.945431977988863,-0.46464444707205
0.9473942523546974,-0.46487732250147396
0.9493565267205318,-0.4651079499950709
0.9513188010863662,-0.46533633569167643
0.9532810754522006,-0.46556248573875825
0.955243349818035,-0.46578640629239265
0.9572056241838695,-0.4660081035172404
0.9591678985497039,-0.4662275835865234
0.9611301729155384,-0.46644485268200075
0.9630924472813727,-0.4666599169939447
0.9650547216472072,-0.46687278272111743
0.9670169960130416,-0.46708345607074675
0.968979270378876,-0.4672919432585019
0.9709415447447104,-0.46749825050847016
0.9729038191105448,-0.467702384053133
0.9748660934763792,-0.46790435013334153
0.9768283678422136,-0.4681041549982927
0.978790642208048,-0.4683018049055053
0.9807529165738824,-0.468497306120796
0.9827151909397168,-0.46869066491825473
0.9846774653055512,-0.46888188758022087
0.9866397396713856,-0.4690709803972595
0.98860201403722,-0.46925794966813594
0.9905642884030544,-0.46944280169979313
0.9925265627688888,-0.4696255428073258
0.9944888371347232,-0.4698061793139571
0.9964511115005577,-0.46998471755101423
0.9984133858663921,-0.4701611638579031
1.0003756602322265,-0.4703355245820854
1.002337934598061,-0.47050780607905307
1.0043002089638953,-0.47067801471230397
1.0062624833297298,-0.4708461568533181
1.008224757695564,-0.471012238881532
1.0101870320613986,-0.4711762671843148
1.0121493064272329,-0.47133824815694403
1.0141115807930674,-0.4714981882025798
1.0160738551589017,-0.47165609373224116
1.0180361295247362,-0.47181197116478124
1.0199984038905705,-0.4719658269268623
1.021960678256405,-0.47211766745293093
1.0239229526222393,-0.47226749918519373
1.0258852269880738,-0.4724153285735918
1.0278475013539081,-0.4725611620757768
1.0298097757197426,-0.4727050061570851
1.0317720500855772,-0.47284686729051373
1.0337343244514114,-0.4729867519566947
1.0356965988172457,-0.473124666643871
1.0376588731830803,-0.47326061784787055
1.0396211475489148,-0.4733946120720821
1.041583421914749,-0.4735266558274295
1.0435456962805836,-0.4736567556323471
1.0455079706464179,-0.47378491801275424
1.0474702450122524,-0.4739111495020307
1.0494325193780867,-0.4740354566409908
1.0513947937439212,-0.4741578459778588
1.0533570681097555,-0.4742783240682438
1.05531934247559,-0.4743968974751136
1.0572816168414243,-0.4745135727687705
1.0592438912072588,-0.4746283565268251
1.061206165573093,-0.4747412553341718
1.0631684399389276,-0.47485227578296285
1.065130714304762,-0.47496142447258305
1.0670929886705964,-0.47506870800962475
1.0690552630364307,-0.4751741330078618
1.0710175374022652,-0.4752777060882246
1.0729798117680995,-0.47537943387877435
1.074942086133934,-0.47547932301467744
1.0769043604997686,-0.4755773801381801
1.0788666348656029,-0.4756736118985827
1.0808289092314372,-0.4757680249522146
1.0827911835972717,-0.47586062596240764
1.0847534579631062,-0.4759514215994711
1.0867157323289405,-0.47604041854066603
1.088678006694775,-0.47612762347017934
1.0906402810606093,-0.47621304307909784
1.0926025554264438,-0.4762966840653833
1.094564829792278,-0.4763785531338456
1.0965271041581126,-0.4764586569961178
1.098489378523947,-0.47653700237062957
1.1004516528897814,-0.4766135959825818
1.1024139272556157,-0.4766884445639207
1.1043762016214502,-0.4767615548533116
1.1063384759872845,-0.47683293359611345
1.108300750353119,-0.476902587544352
1.1102630247189533,-0.476970523456695
1.1122252990847878,-0.4770367480984251
1.1141875734506221,-0.4771012682414143
1.1161498478164567,-0.47716409066409793
1.118112122182291,-0.47722522215144836
1.1200743965481255,-0.47728466949494874
1.12203667091396,-0.4773424394925676
1.1239989452797943,-0.4773985389487314
1.1259612196456286,-0.4774529746742997
1.127923494011463,-0.4775057534865379
1.1298857683772976,-0.4775568822090913
1.1318480427431319,-0.4776063676719593
1.1338103171089664,-0.47765421671146835
1.1357725914748007,-0.47770043617024616
1.1377348658406352,-0.47774503289719517
1.1396971402064695,-0.47778801374746604
1.141659414572304,-0.4778293855824316
1.1436216889381383,-0.4778691552696601
1.1455839633039728,-0.47790732968288896
1.1475462376698071,-0.477943915701998
1.1495085120356416,-0.4779789202129835
1.151470786401476,-0.4780123501079312
1.1534330607673104,-0.47804421228498994
1.1553953351331447,-0.4780745136483451
1.1573576094989793,-0.4781032611081921
1.1593198838648138,-0.4781304615807098
1.161282158230648,-0.47815612198803303
1.1632444325964824,-0.47818024925822744
1.1652067069623169,-0.478202850325262
1.1671689813281514,-0.47822393212898207
1.1691312556939857,-0.478243501615083
1.17109353005982,-0.4782615657350836
1.1730558044256545,-0.4782781314462988
1.175018078791489,-0.47829320571181344
1.1769803531573233,-0.47830679550045496
1.1789426275231576,-0.4783189077867671
1.180904901888992,-0.4783295495509824
1.1828671762548266,-0.4783387277789959
1.184829450620661,-0.4783464494623382
1.1867917249864954,-0.4783527215981478
1.1887539993523297,-0.47835755118914547
1.1907162737181642,-0.4783609452436056
1.1926785480839985,-0.4783629107753309
1.194640822449833,-0.4783634548036244
1.1966030968156673,-0.4783625843532624
1.1985653711815019,-0.47836030645446814
1.2005276455473362,-0.47835662814288404
1.2024899199131707,-0.47835155645954475
1.2044521942790052,-0.47834509845085016
1.2064144686448395,-0.47833726116853836
1.2083767430106738,-0.4783280516696582
1.2103390173765083,-0.4783174770165426
1.2123012917423428,-0.4783055442767804
1.214263566108177,-0.4782922605231905
1.2162258404740114,-0.4782776328337933
1.218188114839846,-0.4782616682917846
1.2201503892056804,-0.47824437398550756
1.2221126635715147,-0.4782257570084252
1.224074937937349,-0.4782058244590939
1.2260372123031835,-0.4781845834411359
1.227999486669018,-0.47816204106321136
1.2299617610348523,-0.47813820443899147
1.2319240354006868,-0.478113080687131
1.2338863097665211,-0.47808667693124063
1.2358485841323557,-0.4780590002998599
1.23781085849819,-0.4780300579264296
1.2397731328640245,-0.4779998569492643
1.2417354072298588,-0.47796840451152456
1.2436976815956933,-0.4779357077611901
1.2456599559615276,-0.4779017738510316
1.247622230327362,-0.47786660993858365
1.2495845046931966,-0.4778302231861169
1.251546779059031,-0.4777926207606107
1.2535090534248652,-0.47775380983372484
1.2554713277906997,-0.4777137975817731
1.2574336021565342,-0.4776725911856947
1.2593958765223685,-0.4776301978310271
1.2613581508882028,-0.47758662470787816
1.2633204252540373,-0.47754187901089806
1.2652826996198718,-0.47749596793925253
1.2672449739857061,-0.4774488986965941
1.2692072483515404,-0.4774006784910354
1.271169522717375,-0.4773513145351206
1.2731317970832094,-0.4773008140457977
1.2750940714490437,-0.47724918424439133
1.2770563458148783,-0.47719643235657416
1.2790186201807126,-0.4771425656123398
1.280980894546547,-0.4770875912459748
1.2829431689123814,-0.4770315164960297
1.2849054432782159,-0.4769743486052932
1.2868677176440502,-0.47691609482076247
1.2888299920098847,-0.4768567623936164
1.290792266375719,-0.4767963585791868
1.2927545407415535,-0.4767348906369312
1.294716815107388,-0.4766723658304043
1.2966790894732223,-0.47660879142723034
1.2986413638390566,-0.4765441746990753
1.300603638204891,-0.4764785229216184
1.3025659125707256,-0.47641184337452436
1.30452818693656,-0.4763441433414155
1.3064904613023942,-0.4762754301098433
1.3084527356682287,-0.47620571097126074
1.3104150100340632,-0.4761349932209942
1.3123772843998975,-0.4760632841582151
1.3143395587657318,-0.4759905910859116
1.3163018331315663,-0.47591692131086116
1.3182641074974009,-0.47584228214360225
1.3202263818632352,-0.47576668089840557
1.3221886562290697,-0.4756901248932466
1.324150930594904,-0.4756126214497769
1.3261132049607385,-0.47553417789329644
1.3280754793265728,-0.475454801552725
1.3300377536924073,-0.475374499760574
1.3320000280582416,-0.47529327985291836
1.333962302424076,-0.47521114916936824
1.3359245767899104,-0.47512811505304087
1.337886851155745,-0.4750441848505318
1.3398491255215794,-0.47495936591188737
1.3418113998874137,-0.474873665590576
1.343773674253248,-0.47478709124345975
1.3457359486190825,-0.474699650230766
1.347698222984917,-0.47461134991605924
1.3496604973507513,-0.4745221976662132
1.3516227717165856,-0.4744322008513815
1.3535850460824201,-0.47434136684496997
1.3555473204482547,-0.474249703023608
1.357509594814089,-0.4741572167671204
1.3594718691799232,-0.47406391545849846
1.3614341435457578,-0.4739698064838721
1.3633964179115923,-0.473874897232481
1.3653586922774266,-0.47377919509664645
1.367320966643261,-0.4736827074717428
1.3692832410090954,-0.4735854417561687
1.37124551537493,-0.47348740535131895
1.3732077897407642,-0.47338860566155627
1.3751700641065987,-0.47328905009418176
1.377132338472433,-0.47318874605940753
1.3790946128382675,-0.4730877009703275
1.3810568872041018,-0.47298592224288905
1.3830191615699363,-0.4728834172958646
1.3849814359357706,-0.47278019355082257
1.3869437103016051,-0.4726762584320996
1.3889059846674394,-0.47257161936677095
1.390868259033274,-0.47246628378462274
1.3928305333991085,-0.47236025911812307
1.3947928077649427,-0.47225355280239345
1.396755082130777,-0.47214617227517963
1.3987173564966116,-0.47203812497682385
1.400679630862446,-0.47192941835023583
1.4026419052282804,-0.4718200598408636
1.4046041795941147,-0.471710056896666
1.4065664539599492,-0.4715994169680823
1.4085287283257837,-0.47148814750800516
1.410491002691618,-0.47137625597175115
1.4124532770574523,-0.47126374981703223
1.4144155514232868,-0.47115063650392686
1.4163778257891213,-0.47103692349485127
1.4183401001549556,-0.47092261825453097
1.4203023745207901,-0.47080772824997186
1.4222646488866246,-0.4706922609504314
1.424226923252459,-0.47057622382739006
1.4261891976182932,-0.47045962435452227
1.4281514719841277,-0.47034247000766805
1.4301137463499622,-0.47022476826480364
1.4320760207157965,-0.4701065266060134
1.4340382950816308,-0.46998775251346037
1.4360005694474653,-0.46986845347135775
1.4379628438132999,-0.46974863696594005
1.4399251181791342,-0.46962831048543463
1.4418873925449684,-0.4695074815200322
1.443849666910803,-0.4693861575618582
1.4458119412766375,-0.4692643461049444
1.4477742156424718,-0.4691420546451994
1.449736490008306,-0.4690192906803803
1.4516987643741406,-0.46889606171006326
1.453661038739975,-0.4687723752356152
1.4556233131058094,-0.4686482387601647
1.4575855874716437,-0.468523659788573
1.4595478618374782,-0.4683986458274052
1.4615101362033127,-0.46827320438490116
1.463472410569147,-0.46814734297094696
1.4654346849349815,-0.4680210690970461
1.467396959300816,-0.4678943902762893
1.4693592336666503,-0.4677673140233274
1.4713215080324846,-0.46763984785434143
1.4732837823983191,-0.4675119992870136
1.4752460567641537,-0.4673837758404985
1.477208331129988,-0.46725518503539454
1.4791706054958222,-0.46712623439371426
1.4811328798616568,-0.4669969314388561
1.4830951542274913,-0.46686728369557473
1.4850574285933256,-0.46673729868995284
1.4870197029591599,-0.4666069839493714
1.4889819773249944,-0.4664763470024812
1.490944251690829,-0.46634539537917374
1.4929065260566632,-0.466214136610552
1.4948688004224975,-0.466082578228902
1.496831074788332,-0.4659507277676628
1.4987933491541665,-0.4658185927613986
1.5007556235200008,-0.4656861807457692
1.502717897885835,-0.465553499257501
1.5046801722516696,-0.4654205558343578
1.5066424466175041,-0.46528735801511245
1.5086047209833384,-0.46515391333951683
1.5105669953491727,-0.4650202293482736
1.5125292697150075,-0.4648863135830069
1.5144915440808417,-0.46475217358623344
1.516453818446676,-0.4646178169013331
1.5184160928125106,-0.4644832510725202
1.520378367178345,-0.4643484836448145
1.5223406415441794,-0.4642135221640118
1.5243029159100137,-0.46407837417665543
1.5262651902758482,-0.4639430472300067
1.5282274646416827,-0.4638075488720155
1.530189739007517,-0.46367188665129255
1.5321520133733513,-0.46353606811707926
1.5341142877391858,-0.4634001008192187
1.5360765621050203,-0.46326399230812687
1.5380388364708546,-0.4631277501347638
1.540001110836689,-0.46299138185060373
1.5419633852025234,-0.4628548950076069
1.543925659568358,-0.4627182971581897
1.5458879339341922,-0.4625815958551962
1.5478502083000265,-0.4624447986518688
1.549812482665861,-0.46230791310181907
1.5517747570316955,-0.46217094675899884
1.5537370313975298,-0.4620339071776709
1.5556993057633641,-0.46189680191238036
1.5576615801291989,-0.46175963851792445
1.5596238544950332,-0.4616224245493258
1.5615861288608675,-0.4614851675617999
1.563548403226702,-0.46134787511072906
1.5655106775925365,-0.461210554751632
1.5674729519583708,-0.46107321404013446
1.569435226324205,-0.46093586053194113
1.5713975006900396,-0.46079850178280557
1.573359775055874,-0.46066114534850167
1.5753220494217084,-0.4605237987847943
1.5772843237875427,-0.4603864696474107
1.5792465981533772,-0.4602491654920102
1.5812088725192117,-0.46011189387415663
1.583171146885046,-0.45997466234928863
1.5851334212508803,-0.45983747847268974
1.5870956956167148,-0.45970034979946095
1.5890579699825493,-0.45956328388448986
1.5910202443483836,-0.45942628828242293
1.592982518714218,-0.4592893705476353
1.5949447930800524,-0.4591525382342032
1.596907067445887,-0.4590157988958734
1.5988693418117212,-0.45887916008603424
1.6008316161775555,-0.45874262935768795
1.6027938905433903,-0.45860621426341996
1.6047561649092246,-0.4584699223553703
1.6067184392750589,-0.4583337611852052
1.6086807136408934,-0.45819773830408717
1.610642988006728,-0.45806186126264614
1.6126052623725622,-0.4579261376109507
1.6145675367383965,-0.45779057489847896
1.616529811104231,-0.4576551806740887
1.6184920854700655,-0.4575199624859896
1.6204543598358998,-0.4573849278817135
1.622416634201734,-0.45725008440808446
1.6243789085675686,-0.4571154396111916
1.6263411829334031,-0.45698100103635864
1.6283034572992374,-0.456846776228115
1.6302657316650717,-0.45671277273016764
1.6322280060309062,-0.4565789980853705
1.6341902803967407,-0.4564454598356973
1.636152554762575,-0.45631216552221043
1.6381148291284093,-0.456179122685034
1.6400771034942438,-0.45604633886332335
1.6420393778600784,-0.4559138215952361
1.6440016522259127,-0.45578157841790423
1.645963926591747,-0.4556496168674038
1.6479262009575815,-0.45551794447872695
1.649888475323416,-0.4553865687857519
1.6518507496892503,-0.4552554973212144
1.6538130240550848,-0.4551247376166794
1.6557752984209193,-0.4549942972025107
1.6577375727867536,-0.4548641836078431
1.659699847152588,-0.4547344043605528
1.6616621215184224,-0.45460496698722874
1.663624395884257,-0.4544758790131431
1.6655866702500912,-0.4543471479622234
1.6675489446159255,-0.454218781357022
1.66951121898176,-0.4540907867186885
1.6714734933475945,-0.4539631715669401
1.6734357677134288,-0.45383594342003275
1.6753980420792631,-0.4537091097947319
1.6773603164450976,-0.4535826782062846
1.6793225908109322,-0.4534566561683895
1.6812848651767665,-0.4533310511931681
1.6832471395426007,-0.45320587079113595
1.6852094139084353,-0.45308112247117394
1.6871716882742698,-0.45295681374049934
1.689133962640104,-0.4528329521046368
1.6910962370059384,-0.45270954506738925
1.6930585113717729,-0.452586600130809
1.6950207857376074,-0.4524641247951693
1.6969830601034417,-0.45234212655893513
1.6989453344692762,-0.4522206129187345
1.7009076088351107,-0.4520995913693293
1.702869883200945,-0.4519790694035868
1.7048321575667793,-0.45185905451245056
1.7067944319326138,-0.4517395541849112
1.7087567062984483,-0.45162057590797855
1.7107189806642826,-0.4515021271666524
1.712681255030117,-0.45138421544389273
1.7146435293959514,-0.4512668482205926
1.716605803761786,-0.4511500329755478
1.7185680781276202,-0.45103377718542936
1.7205303524934545,-0.4509180883247539
1.722492626859289,-0.45080297386585433
1.7244549012251236,-0.450688441278853
1.7264171755909579,-0.4505744980316311
1.7283794499567922,-0.45046115158980027
1.7303417243226267,-0.450348409416675
1.7323039986884612,-0.45023627897324214
1.7342662730542955,-0.4501247677181337
1.7362285474201298,-0.45001388310759727
1.7381908217859643,-0.4499036325954675
1.7401530961517988,-0.4497940236331375
1.742115370517633,-0.44968506366953
1.7440776448834676,-0.4495767601510683
1.7460399192493021,-0.4494691205216492
1.7480021936151364,-0.44936215222261233
1.7499644679809707,-0.44925586269271234
1.7519267423468052,-0.4491502593680905
1.7538890167126397,-0.44904534968224596
1.755851291078474,-0.4489411410660067
1.7578135654443083,-0.4488376409475012
1.7597758398101429,-0.4487348567521303
1.7617381141759774,-0.4486327959025378
1.7637003885418117,-0.44853146581858216
1.765662662907646,-0.4484308739173084
1.7676249372734805,-0.44833102761291865
1.769587211639315,-0.44823193431674446
1.7715494860051493,-0.4481336014372179
1.7735117603709836,-0.4480360363798428
1.775474034736818,-0.44793924654716677
1.7774363091026526,-0.44784323933875214
1.779398583468487,-0.44774802215114784
1.7813608578343212,-0.4476536023778612
1.7833231322001557,-0.4475599874093281
1.7852854065659902,-0.4474671846328866
1.7872476809318245,-0.4473752014327468
1.789209955297659,-0.4472840451899631
1.7911722296634935,-0.4471937232824057
1.7931345040293278,-0.44710424308473207
1.7950967783951621,-0.4470156119683588
1.7970590527609966,-0.4469278373014334
1.7990213271268312,-0.4468409264488047
1.8009836014926655,-0.4467548867719964
1.8029458758584997,-0.4466697256291774
1.8049081502243343,-0.446585450375133
1.8068704245901688,-0.4465020683612384
1.808832698956003,-0.44641958693542905
1.8107949733218374,-0.4463380134421724
1.8127572476876719,-0.44625735522244026
1.8147195220535064,-0.44617761961367997
1.8166817964193407,-0.44609881394978634
1.818644070785175,-0.4460209455610735
1.8206063451510095,-0.4459440217742465
1.822568619516844,-0.44586804991237305
1.8245308938826783,-0.44579303729485575
1.8264931682485126,-0.44571899123740355
1.8284554426143471,-0.44564591905200324
1.8304177169801816,-0.4455738280468924
1.832379991346016,-0.44550272552653003
1.8343422657118504,-0.4454326187915689
1.836304540077685,-0.445363515138828
1.8382668144435192,-0.44529542186126303
1.8402290888093535,-0.4452283462479405
1.842191363175188,-0.4451622955840071
1.8441536375410226,-0.44509727715066405
1.8461159119068569,-0.44503329822513704
1.8480781862726912,-0.4449703660806499
1.8500404606385257,-0.4449084879863947
1.8520027350043602,-0.44484767120750623
1.8539650093701945,-0.44478792300503156
1.8559272837360288,-0.44472925063590396
1.8578895581018633,-0.4446716613529136
1.8598518324676978,-0.4446151624046806
1.861814106833532,-0.44455976103562667
1.8637763811993664,-0.4445054644859472
1.865738655565201,-0.4444522799915829
1.8677009299310354,-0.44440021478419345
1.8696632042968697,-0.4443492760911283
1.871625478662704,-0.44429947113539914
1.8735877530285385,-0.44425080713565235
1.875550027394373,-0.44420329130614045
1.8775123017602073,-0.44415693085669594
1.8794745761260419,-0.4441117329927018
1.8814368504918764,-0.44406770491506453
1.8833991248577107,-0.4440248538201863
1.885361399223545,-0.44398318689993777
1.8873236735893795,-0.4439427113416292
1.889285947955214,-0.44390343432798396
1.8912482223210483,-0.4438653630371103
1.8932104966868826,-0.4438285046424737
1.895172771052717,-0.44379286631286985
1.8971350454185514,-0.44375845521239565
1.899097319784386,-0.4437252785004233
1.9010595941502204,-0.4436933433315713
1.9030218685160547,-0.4436626568556783
1.9049841428818892,-0.4436332262177747
1.9069464172477235,-0.44360505855805465
1.908908691613558,-0.4435781610118499
1.9108709659793923,-0.4435525407096008
1.9128332403452268,-0.44352820477683075
1.9147955147110611,-0.4435051603341169
1.9167577890768956,-0.4434834144970634
1.91872006344273,-0.4434629743762746
1.9206823378085645,-0.44344384707732676
1.9226446121743987,-0.44342603970074124
1.9246068865402333,-0.4434095593419569
1.9265691609060676,-0.4433944130913037
1.928531435271902,-0.44338060803397283
1.9304937096377364,-0.44336815124999296
1.9324559840035709,-0.4433570498142001
1.9344182583694052,-0.44334731079621226
1.9363805327352397,-0.44333894126040074
1.938342807101074,-0.4433319482658642
1.9403050814669085,-0.44332633886640016
1.9422673558327428,-0.44332212011047956
1.9442296301985773,-0.44331929904121803
1.9461919045644118,-0.4433178826963491
1.9481541789302461,-0.4433178781081981
1.9501164532960806,-0.44331929230365374
1.952078727661915,-0.4433221323041423
1.9540410020277494,-0.4433264051255996
1.9560032763935837,-0.4433321177784444
1.9579655507594182,-0.4433392772675506
1.9599278251252525,-0.4433478905922228
1.961890099491087,-0.44335796474616584
1.9638523738569214,-0.44336950671746056
1.9658146482227559,-0.4433825234885358
1.9677769225885902,-0.4433970220361414
1.9697391969544247,-0.443413009331322
1.971701471320259,-0.443430492339389
1.9736637456860935,-0.44344947801989565
1.9756260200519278,-0.4434699733266081
1.9775882944177623,-0.44349198520748034
1.9795505687835966,-0.4435155206046264
1.981512843149431,-0.4435405864542943
1.9834751175152654,-0.4435671896868385
1.9854373918811,-0.4435953372266943
1.9873996662469342,-0.4436250359923506
1.9893619406127687,-0.44365629289632236
1.9913242149786032,-0.4436891148451261
1.9932864893444375,-0.44372350873925126
1.995248763710272,-0.44375948147313515
1.9972110380761063,-0.4437970399351352
1.9991733124419409,-0.44383619100750304
2.0011355868077754,-0.4438769415663584
2.0030978611736097,-0.44391929848166134
2.005060135539444,-0.44396326861718727
2.0070224099052787,-0.4440088588304998
2.0089846842711125,-0.44405607597292374
2.0109469586369473,-0.4441049268895205
2.0129092330027816,-0.4441554184190597
2.014871507368616,-0.44420755739399387
2.0168337817344506,-0.4442613506404327
2.018796056100285,-0.4443168049781152
2.020758330466119,-0.4443739272203846
2.022720604831954,-0.44443272417416235
2.0246828791977878,-0.4444932026399202
2.0266451535636225,-0.44455536941165663
2.028607427929457,-0.44461923127686864
2.030569702295291,-0.4446847950165256
2.032531976661126,-0.4447520674050449
2.03449425102696,-0.44482105521026405
2.0364565253927944,-0.44489176519341544
2.038418799758629,-0.4449642041091004
2.0403810741244635,-0.4450383787052625
2.0423433484902977,-0.44511429572316263
2.0443056228561325,-0.4451919618973519
2.0462678972219663,-0.4452713839556468
2.048230171587801,-0.4453525686191022
2.0501924459536354,-0.4454355226019866
2.0521547203194697,-0.445520252611755
2.0541169946853044,-0.44560676534902455
2.0560792690511387,-0.4456950675075475
2.058041543416973,-0.4457851657741856
2.0600038177828077,-0.4458770668288856
2.0619660921486416,-0.44597077734465174
2.0639283665144763,-0.44606630398752123
2.0658906408803106,-0.4461636534165383
2.067852915246145,-0.4462628322837281
2.0698151896119796,-0.4463638472340721
2.071777463977814,-0.44646670490548135
2.073739738343648,-0.44657141192877203
2.075702012709483,-0.4466779749276386
2.077664287075317,-0.44678640051863017
2.0796265614411515,-0.4468966953111224
2.081588835806986,-0.4470088659072946
2.08355111017282,-0.44712291890210354
2.085513384538655,-0.4472388608832567
2.087475658904489,-0.4473566984311885
2.0894379332703235,-0.44747643811903504
2.091400207636158,-0.44759808651260724
2.0933624820019925,-0.4477216501703669
2.095324756367827,-0.4478471356434013
2.0972870307336615,-0.4479745494753973
2.0992493050994954,-0.44810389820261687
2.10121157946533,-0.44823518835387155
2.1031738538311644,-0.44836842645049724
2.1051361281969987,-0.4485036190063296
2.1070984025628334,-0.4486407725276784
2.1090606769286677,-0.4487798935133025
2.111022951294502,-0.44892098845438544
2.1129852256603368,-0.44906406383450914
2.1149475000261706,-0.4492091261296307
2.1169097743920053,-0.4493561818080567
2.1188720487578396,-0.4495052373304169
2.120834323123674,-0.449656299149642
2.1227965974895087,-0.44980937371093677
2.124758871855343,-0.4499644674517558
2.1267211462211772,-0.4501215868017787
2.128683420587012,-0.4502807381828864
2.1306456949528463,-0.4504419280091343
2.1326079693186806,-0.4506051626867291
2.1345702436845153,-0.45077044861400384
2.136532518050349,-0.4509377921813933
2.138494792416184,-0.45110719977140934
2.140457066782018,-0.45127867775861574
2.1424193411478525,-0.4514522325096042
2.1443816155136872,-0.4516278703829708
2.1463438898795215,-0.4518055977292892
2.148306164245356,-0.4519854208910883
2.1502684386111905,-0.45216734620282706
2.1522307129770244,-0.4523513799908696
2.154192987342859,-0.45253752857346186
2.1561552617086934,-0.45272579826070625
2.1581175360745277,-0.452916195354538
2.1600798104403625,-0.45310872614870057
2.1620420848061968,-0.4533033969287219
2.164004359172031,-0.45350021397188955
2.165966633537866,-0.45369918354722705
2.1679289079036996,-0.4539003119154694
2.1698911822695344,-0.4541036053290397
2.1718534566353687,-0.45430907003202337
2.173815731001203,-0.45451671226014634
2.1757780053670377,-0.45472653824074927
2.177740279732872,-0.45493855419276463
2.1797025540987063,-0.4551527663266921
2.181664828464541,-0.455369180844575
2.1836271028303753,-0.45558780393997633
2.1855893771962096,-0.45580864179795544
2.1875516515620443,-0.45603170059504183
2.189513925927878,-0.4562569864992163
2.191476200293713,-0.4564845056698812
2.193438474659547,-0.45671426425784123
2.1954007490253815,-0.45694626840527786
2.1973630233912163,-0.45718052424572564
2.1993252977570505,-0.45741703790404964
2.201287572122885,-0.45765581549642054
2.2032498464887196,-0.457896863130292
2.2052121208545534,-0.4581401869043762
2.207174395220388,-0.4583857929086226
2.2091366695862225,-0.45863368722419073
2.2110989439520568,-0.45888387592343083
2.2130612183178915,-0.45913636506985744
2.215023492683726,-0.45939116071812736
2.21698576704956,-0.45964826891401644
2.218948041415395,-0.45990769569439593
2.220910315781229,-0.4601694470872093
2.2228725901470634,-0.46043352911144897
2.224834864512898,-0.46069994777713363
2.226797138878732,-0.46096870908528365
2.2287594132445667,-0.46123981902790057
2.230721687610401,-0.46151328358794075
2.2326839619762353,-0.46178910873929535
2.23464623634207,-0.4620673004467659
2.2366085107079043,-0.4623478646660404
2.2385707850737386,-0.4626308073436727
2.2405330594395734,-0.4629161344170576
2.242495333805407,-0.46320385181440904
2.244457608171242,-0.4634939654547372
2.2464198825370763,-0.4637864812478245
2.2483821569029105,-0.4640814050942059
2.2503444312687453,-0.4643787428851409
2.2523067056345796,-0.46467850050259685
2.254268980000414,-0.46498068381922253
2.2562312543662486,-0.46528529869832624
2.2581935287320825,-0.465592350993854
2.260155803097917,-0.46590184655036637
2.2621180774637515,-0.46621379120301576
2.264080351829586,-0.4665281907775247
2.2660426261954205,-0.4668450510901627
2.268004900561255,-0.4671643779477246
2.269967174927089,-0.46748617714750695
2.271929449292924,-0.4678104544772874
2.273891723658758,-0.468137215715301
2.2758539980245924,-0.4684664666302183
2.277816272390427,-0.46879821298112434
2.279778546756261,-0.4691324605174936
2.2817408211220958,-0.4694692149791715
2.28370309548793,-0.4698084820963495
2.2856653698537643,-0.4701502675895446
2.287627644219599,-0.4704945771695759
2.2895899185854334,-0.4708414165375443
2.2915521929512677,-0.47119079138480924
2.2935144673171024,-0.4715427073929679
2.2954767416829363,-0.47189717023383126
2.297439016048771,-0.47225418556940557
2.2994012904146053,-0.47261375905186664
2.3013635647804396,-0.472975896323542
2.3033258391462743,-0.4733406030168861
2.3052881135121086,-0.4737078847544596
2.307250387877943,-0.4740777471489088
2.3092126622437776,-0.4744501958029428
2.311174936609612,-0.47482523630931217
2.3131372109754462,-0.4752028742507868
2.315099485341281,-0.4755831152001364
2.317061759707115,-0.47596596472010644
2.3190240340729495,-0.4763514283633994
2.320986308438784,-0.47673951167265116
2.322948582804618,-0.4771302201804104
2.324910857170453,-0.4775235594091183
2.326873131536287,-0.4779195348710854
2.3288354059021215,-0.47831815206847184
2.330797680267956,-0.478719416493266
2.33275995463379,-0.4791233336272622
2.334722228999625,-0.4795299089420415
2.336684503365459,-0.47993914789894876
2.3386467777312934,-0.4803510559490727
2.340609052097128,-0.48076563853322507
2.3425713264629624,-0.4811829010819184
2.3445336008287967,-0.48160284901534656
2.3464958751946314,-0.4820254877433636
2.3484581495604653,-0.4824508226654616
2.3504204239263,-0.4828788591707518
2.3523826982921343,-0.48330960263794287
2.3543449726579686,-0.4837430584353193
2.3563072470238033,-0.48417923192072343
2.3582695213896376,-0.4846181284415314
2.360231795755472,-0.4850597533346348
2.3621940701213067,-0.4855041119264203
2.364156344487141,-0.4859512095327476
2.3661186188529753,-0.48640105145892965
2.36808089321881,-0.48685364299971323
2.370043167584644,-0.4873089894392568
2.3720054419504786,-0.4877670960511118
2.373967716316313,-0.4882279680982
2.375929990682147,-0.488691610832797
2.377892265047982,-0.48915802949650855
2.379854539413816,-0.4896272293202517
2.3818168137796505,-0.4900992155242345
2.3837790881454852,-0.4905739933179367
2.385741362511319,-0.49105156790008797
2.387703636877154,-0.4915319444586501
2.389665911242988,-0.49201512817079474
2.3916281856088224,-0.4925011242028845
2.393590459974657,-0.4929899377104543
2.3955527343404914,-0.493481573838189
2.3975150087063257,-0.4939760377199056
2.3994772830721605,-0.49447333447853303
2.4014395574379943,-0.49497346922609076
2.403401831803829,-0.4954764470636728
2.405364106169664,-0.4959822730814236
2.4073263805354976,-0.4964909523585217
2.4092886549013324,-0.49700248996315954
2.4112509292671667,-0.49751689095252205
2.413213203633001,-0.4980341603727705
2.4151754779988357,-0.4985543032590196
2.41713775236467,-0.4990773246353206
2.4191000267305043,-0.49960322951464065
2.421062301096339,-0.5001320228988444
2.423024575462173,-0.5006637097786735
2.4249868498280076,-0.501198295133729
2.426949124193842,-0.501735783932451
2.428911398559676,-0.5022761811320993
2.430873672925511,-0.5028194916787356
2.4328359472913452,-0.503365720507204
2.4347982216571795,-0.5039148725411098
2.4367604960230143,-0.5044669526928045
2.438722770388848,-0.5050219658633637
2.440685044754683,-0.5055799169425703
2.442647319120517,-0.5061408108088934
2.4446095934863514,-0.506704652329472
2.446571867852186,-0.5072714463600949
2.4485341422180205,-0.5078411977451815
2.4504964165838548,-0.5084139113177644
2.4524586909496895,-0.5089895918994709
2.454420965315524,-0.5095682443005018
2.456383239681358,-0.510149873319617
2.458345514047193,-0.5107344837441139
2.4603077884130267,-0.5113220803498095
2.4622700627788614,-0.5119126679010235
2.4642323371446957,-0.5125062511505583
2.46619461151053,-0.5131028348396809
2.4681568858763647,-0.5137024236981063
2.470119160242199,-0.5143050224439762
2.4720814346080333,-0.5149106357838447
2.474043708973868,-0.515519268412657
2.476005983339702,-0.5161309250137323
2.4779682577055366,-0.5167456102587464
2.479930532071371,-0.5173633288077131
2.4818928064372052,-0.5179840853089668
2.48385508080304,-0.5186078843991433
2.4858173551688743,-0.5192347307031637
2.4877796295347085,-0.5198646288342155
2.4897419039005433,-0.5204975833937349
2.491704178266377,-0.5211335989713894
2.493666452632212,-0.52177268014506
2.4956287269980466,-0.5224148314808228
2.4975910013638805,-0.5230600575329345
2.499553275729715,-0.5237083628438097
2.5015155500955495,-0.5243597519440075
2.503477824461384,-0.5250142293522133
2.5054400988272185,-0.5256717995752207
2.507402373193053,-0.5263324671079133
2.509364647558887,-0.5269962364332499
2.511326921924722,-0.5276631120222448
2.5132891962905557,-0.5283330983339516
2.5152514706563904,-0.5290061998154467
2.5172137450222247,-0.5296824209018114
2.519176019388059,-0.5303617660161137
2.5211382937538938,-0.5310442395693944
2.523100568119728,-0.5317298459606463
2.5250628424855623,-0.5324185895768001
2.527025116851397,-0.5331104747927067
2.528987391217231,-0.5338055059711195
2.5309496655830657,-0.5345036874626796
2.5329119399489,-0.5352050236058958
2.5348742143147343,-0.5359095187271321
2.536836488680569,-0.5366171771405868
2.5387987630464033,-0.537328003148279
2.5407610374122376,-0.5380420010400306
2.5427233117780723,-0.5387591750934506
2.5446855861439066,-0.5394795295739168
2.546647860509741,-0.5402030687345623
2.5486101348755756,-0.5409297968162567
2.5505724092414095,-0.5416597180475902
2.5525346836072442,-0.5423928366448589
2.5544969579730785,-0.5431291568120469
2.556459232338913,-0.5438686827408095
2.5584215067047476,-0.5446114186104594
2.560383781070582,-0.5453573685879489
2.562346055436416,-0.5461065368278546
2.564308329802251,-0.5468589274723614
2.5662706041680847,-0.5476145446512448
2.5682328785339195,-0.5483733924818583
2.5701951528997538,-0.5491354750691144
2.572157427265588,-0.549900796505471
2.574119701631423,-0.5506693608709143
2.576081975997257,-0.5514411722329431
2.5780442503630914,-0.5522162346465547
2.580006524728926,-0.5529945521542272
2.58196879909476,-0.5537761287859047
2.5839310734605947,-0.5545609685589836
2.5858933478264294,-0.5553490754782939
2.5878556221922633,-0.5561404535360852
2.589817896558098,-0.5569351067120136
2.5917801709239323,-0.5577330389731217
2.5937424452897666,-0.5585342542738276
2.5957047196556013,-0.5593387565559078
2.5976669940214356,-0.5601465497484814
2.59962926838727,-0.5609576377679968
2.6015915427531047,-0.561772024518215
2.6035538171189385,-0.5625897138901945
2.6055160914847733,-0.5634107097622794
2.6074783658506075,-0.5642350160000789
2.609440640216442,-0.5650626364564579
2.6114029145822766,-0.565893574971519
2.613365188948111,-0.5667278353725884
2.615327463313945,-0.5675654214742021
2.61728973767978,-0.5684063370780887
2.6192520120456138,-0.5692505859731587
2.6212142864114485,-0.5700981719354865
2.623176560777283,-0.5709490987282964
2.625138835143117,-0.5718033701019503
2.627101109508952,-0.5726609897939308
2.629063383874786,-0.5735219615288276
2.6310256582406204,-0.574386289018324
2.632987932606455,-0.5752539759611817
2.6349502069722894,-0.576125026043226
2.6369124813381237,-0.5769994429373333
2.6388747557039585,-0.5778772303034156
2.6408370300697923,-0.5787583917884065
2.642799304435627,-0.5796429310262488
2.6447615788014613,-0.5805308516378771
2.6467238531672956,-0.5814221572312084
2.6486861275331304,-0.5823168514011234
2.6506484018989647,-0.5832149377294569
2.652610676264799,-0.5841164197849809
2.6545729506306337,-0.5850213011233927
2.6565352249964675,-0.5859295852872999
2.6584974993623023,-0.5868412758062092
2.6604597737281366,-0.5877563761965086
2.662422048093971,-0.588674889961458
2.6643843224598056,-0.5895968205911744
2.66634659682564,-0.5905221715626157
2.668308871191474,-0.5914509463395725
2.670271145557309,-0.5923831483726509
2.672233419923143,-0.5933187810992591
2.6741956942889775,-0.5942578479435974
2.6761579686548123,-0.5952003523166414
2.678120243020646,-0.5961462976161314
2.680082517386481,-0.5970956872265578
2.682044791752315,-0.5980485245191485
2.6840070661181494,-0.5990048128518564
2.685969340483984,-0.5999645555693465
2.6879316148498185,-0.6009277560029813
2.6898938892156528,-0.6018944174708105
2.6918561635814875,-0.602864543277557
2.6938184379473213,-0.6038381367146031
2.695780712313156,-0.6048152010599805
2.6977429866789904,-0.6057957395783544
2.6997052610448247,-0.6067797555210139
2.7016675354106594,-0.6077672521258584
2.7036298097764937,-0.608758232617383
2.705592084142328,-0.6097527002066703
2.7075543585081627,-0.6107506580913746
2.7095166328739966,-0.6117521094557108
2.7114789072398313,-0.6127570574704428
2.7134411816056656,-0.6137655052928697
2.7154034559715,-0.6147774560668147
2.7173657303373346,-0.6157929129226132
2.719328004703169,-0.6168118789770998
2.7212902790690032,-0.6178343573335978
2.723252553434838,-0.6188603510819055
2.7252148278006723,-0.619889863298285
2.7271771021665066,-0.620922897045451
2.7291393765323413,-0.6219594553725587
2.731101650898175,-0.6229995413151905
2.73306392526401,-0.6240431578953478
2.735026199629844,-0.6250903081214347
2.7369884739956785,-0.6261409949882517
2.738950748361513,-0.627195221476978
2.7409130227273475,-0.628252990555167
2.742875297093182,-0.6293143051767287
2.7448375714590165,-0.6303791682819222
2.7467998458248504,-0.6314475827973423
2.748762120190685,-0.6325195516359101
2.7507243945565194,-0.6335950776968593
2.7526866689223537,-0.6346741638657281
2.7546489432881884,-0.635756813014345
2.7566112176540227,-0.6368430280008193
2.758573492019857,-0.6379328116695309
2.7605357663856918,-0.6390261668511183
2.7624980407515256,-0.6401230963624664
2.7644603151173603,-0.6412236030066993
2.7664225894831946,-0.6423276895731651
2.768384863849029,-0.6434353588374289
2.7703471382148637,-0.6445466135612596
2.772309412580698,-0.6456614564926206
2.7742716869465323,-0.6467798903656594
2.776233961312367,-0.6479019179006955
2.7781962356782013,-0.6490275418042111
2.7801585100440356,-0.6501567647688411
2.7821207844098703,-0.6512895894733619
2.784083058775704,-0.6524260185826809
2.786045333141539,-0.6535660547478277
2.788007607507373,-0.6547097006059417
2.7899698818732075,-0.6558569587802636
2.7919321562390422,-0.6570078318801251
2.7938944306048765,-0.6581623225009379
2.795856704970711,-0.6593204332241849
2.7978189793365456,-0.6604821666174097
2.7997812537023794,-0.6616475252342064
2.801743528068214,-0.6628165116142104
2.8037058024340484,-0.6639891282830881
2.8056680767998827,-0.6651653777525275
2.8076303511657175,-0.6663452625202289
2.8095926255315518,-0.6675287850698934
2.811554899897386,-0.6687159478712168
2.813517174263221,-0.6699067533798764
2.815479448629055,-0.6711012040375239
2.8174417229948894,-0.6722993022717749
2.819403997360724,-0.6735010504962009
2.821366271726558,-0.6747064511103169
2.8233285460923927,-0.6759155064995772
2.825290820458227,-0.6771282190353611
2.8272530948240613,-0.6783445910749668
2.829215369189896,-0.6795646249616016
2.8311776435557303,-0.6807883230243723
2.8331399179215646,-0.6820156875782772
2.8351021922873993,-0.6832467209241966
2.837064466653233,-0.6844814253488836
2.839026741019068,-0.6857198031249565
2.8409890153849022,-0.686961856510889
2.8429512897507365,-0.6882075877510014
2.8449135641165713,-0.6894569990754529
2.8468758384824056,-0.6907100927002321
2.84883811284824,-0.6919668708271485
2.8508003872140746,-0.6932273356438259
2.8527626615799084,-0.6944914893236898
2.854724935945743,-0.6957593340259649
2.8566872103115775,-0.6970308718956604
2.8586494846774118,-0.698306105063567
2.8606117590432465,-0.6995850356462461
2.862574033409081,-0.7008676657460218
2.864536307774915,-0.7021539974509725
2.86649858214075,-0.7034440328349256
2.868460856506584,-0.7047377739574445
2.8704231308724184,-0.7060352228638265
2.872385405238253,-0.7073363815850904
2.874347679604087,-0.7086412521379695
2.8763099539699217,-0.7099498365249073
2.878272228335756,-0.7112621367340444
2.8802345027015903,-0.7125781547392149
2.882196777067425,-0.7138978924999375
2.8841590514332593,-0.7152213519614072
2.8861213257990936,-0.7165485350544891
2.8880836001649284,-0.7178794436957103
2.8900458745307622,-0.7192140797872517
2.892008148896597,-0.7205524452169438
2.8939704232624313,-0.721894541858255
2.8959326976282656,-0.7232403715702871
2.8978949719941003,-0.724589936197769
2.899857246359934,-0.7259432375710455
2.901819520725769,-0.7273002775060764
2.9037817950916036,-0.7286610578044237
2.9057440694574375,-0.7300255802532472
2.907706343823272,-0.7313938466252987
2.909668618189107,-0.732765858678913
2.911630892554941,-0.7341416181580018
2.9135931669207755,-0.7355211267920487
2.9155554412866103,-0.7369043862960998
2.917517715652444,-0.738291398370758
2.919479990018279,-0.7396821647021792
2.9214422643841127,-0.7410766869620606
2.9234045387499474,-0.7424749668076398
2.925366813115782,-0.743877005881683
2.927329087481616,-0.7452828058124827
2.9292913618474508,-0.7466923682138515
2.9312536362132855,-0.7481056946851128
2.9332159105791193,-0.7495227868110961
2.935178184944954,-0.750943646162133
2.937140459310788,-0.752368274294047
2.9391027336766227,-0.7537966727481527
2.9410650080424574,-0.7552288430512444
2.9430272824082913,-0.7566647867155933
2.944989556774126,-0.758104505238943
2.9469518311399607,-0.7595480001045001
2.9489141055057946,-0.7609952727809302
2.9508763798716293,-0.7624463247223541
2.952838654237464,-0.763901157368339
2.954800928603298,-0.7653597721438938
2.9567632029691326,-0.7668221704594671
2.9587254773349665,-0.7682883537109353
2.9606877517008012,-0.7697583232796044
2.962650026066636,-0.7712320805321982
2.96461230043247,-0.7727096268208564
2.9665745747983046,-0.774190963483131
2.9685368491641393,-0.7756760918419772
2.970499123529973,-0.7771650132057499
2.972461397895808,-0.7786577288682008
2.9744236722616417,-0.7801542401084698
2.9763859466274765,-0.7816545481910835
2.978348220993311,-0.7831586543659472
2.980310495359145,-0.7846665598683413
2.98227276972498,-0.7861782659189194
2.9842350440908145,-0.787693773723698
2.9861973184566484,-0.7892130844740566
2.988159592822483,-0.790736199346731
2.990121867188317,-0.7922631195038079
2.9920841415541517,-0.7937938460927247
2.9940464159199864,-0.7953283802462594
2.9960086902858203,-0.796866723082529
2.997970964651655,-0.7984088757049872
2.9999332390174898,-0.7999548392024161
3.0018955133833236,-0.8015046146489233
3.0038577877491583,-0.8030582031039413
3.005820062114993,-0.8046156056122185
3.007782336480827,-0.8061768232038165
3.0097446108466617,-0.8077418568941093
3.0117068852124955,-0.8093107076837742
3.0136691595783303,-0.8108833765587935
3.015631433944165,-0.8124598644904459
3.017593708309999,-0.8140401724353044
3.0195559826758336,-0.8156243013352351
3.0215182570416683,-0.8172122521173897
3.023480531407502,-0.8188040256942033
3.025442805773337,-0.8203996229633936
3.0274050801391708,-0.8219990448079522
3.0293673545050055,-0.8236022920961465
3.0313296288708402,-0.8252093656815132
3.033291903236674,-0.8268202664028539
3.035254177602509,-0.8284349950842373
3.0372164519683436,-0.8300535525349895
3.0391787263341774,-0.8316759395496942
3.041141000700012,-0.8333021569081915
3.043103275065847,-0.8349322053755706
3.0450655494316807,-0.8365660857021688
3.0470278237975155,-0.83820379862357
3.0489900981633493,-0.8398453448606
3.050952372529184,-0.8414907251193247
3.052914646895019,-0.8431399400910466
3.0548769212608526,-0.8447929904523015
3.0568391956266874,-0.8464498768648601
3.058801469992522,-0.8481105999757195
3.060763744358356,-0.8497751604171035
3.0627260187241907,-0.8514435588064626
3.0646882930900246,-0.8531157957464663
3.0666505674558593,-0.8547918718250065
3.068612841821694,-0.8564717876151904
3.070575116187528,-0.8581555436753394
3.0725373905533626,-0.8598431405489917
3.0744996649191974,-0.8615345787648931
3.076461939285031,-0.8632298588369982
3.078424213650866,-0.8649289812644712
3.0803864880167,-0.8666319465316774
3.0823487623825345,-0.8683387551081894
3.0843110367483693,-0.8700494074487781
3.086273311114203,-0.8717639039934133
3.088235585480038,-0.8734822451672661
3.0901978598458726,-0.875204431380701
3.0921601342117064,-0.8769304630292769
3.094122408577541,-0.8786603404937481
3.096084682943376,-0.8803940641400585
3.0980469573092098,-0.8821316343193417
3.1000092316750445,-0.8838730513679232
3.1019715060408783,-0.8856183156073123
3.103933780406713,-0.8873674273442083
3.105896054772548,-0.8891203868704922
3.1078583291383817,-0.8908771944632314
3.1098206035042164,-0.8926378503846752
3.111782877870051,-0.8944023548822551
3.113745152235885,-0.8961707081885824
3.1157074266017197,-0.8979429105214514
3.1176697009675536,-0.8997189620838324
3.1196319753333883,-0.9014988630638769
3.121594249699223,-0.9032826136349128
3.123556524065057,-0.9050702139554434
3.1255187984308916,-0.9068616641691527
3.1274810727967264,-0.9086569644048965
3.1294433471625602,-0.9104561147767074
3.131405621528395,-0.9122591153837947
3.1333678958942297,-0.9140659663105399
3.1353301702600636,-0.9158766676264991
3.1372924446258983,-0.9176912193864042
3.139254718991732,-0.9195096216301586
3.141216993357567,-0.9213318743828416
3.1431792677234016,-0.9231579776547041
3.1451415420892355,-0.9249879314411704
3.14710381645507,-0.9268217357228412
3.149066090820905,-0.9286593904654872
3.151028365186739,-0.9305008956200544
3.1529906395525735,-0.9323462511226639
3.1549529139184074,-0.9341954568946083
3.156915188284242,-0.9360485128423575
3.158877462650077,-0.9379054188575544
3.1608397370159107,-0.9397661748170165
3.1628020113817454,-0.9416307805827397
3.16476428574758,-0.9434992360018941
3.166726560113414,-0.9453715409068262
3.1686888344792488,-0.9472476951150615
3.1706511088450826,-0.9491276984293031
3.1726133832109173,-0.9510115506374333
3.174575657576752,-0.9528992515125134
3.176537931942586,-0.9547908008127854
3.1785002063084207,-0.9566861982816746
3.1804624806742554,-0.9585854436477863
3.1824247550400893,-0.9604885366249101
3.184387029405924,-0.9623954769120224
3.1863493037717587,-0.9643062641932834
3.1883115781375926,-0.9662208981380391
3.1902738525034273,-0.9681393784008283
3.192236126869261,-0.9700617046213744
3.194198401235096,-0.9719878764245962
3.1961606756009306,-0.9739178934206021
3.1981229499667645,-0.9758517552046944
3.2000852243325992,-0.9777894613573737
3.202047498698434,-0.9797310114443356
3.204009773064268,-0.9816764050164739
3.2059720474301026,-0.9836256416098861
3.2079343217959364,-0.9855787207458682
3.209896596161771,-0.9875356419309238
3.211858870527606,-0.9894964046567609
3.2138211448934397,-0.9914610084002944
3.2157834192592745,-0.9934294526236525
3.217745693625109,-0.9954017367741732
3.219707967990943,-0.9973778602844079
3.221670242356778,-0.9993578225721285
3.2236325167226125,-1.0013416230403211
3.2255947910884464,-1.003329261077195
3.227557065454281,-1.0053207360561833
3.229519339820115,-1.0073160473359433
3.2314816141859497,-1.0093151942603624
3.2334438885517844,-1.0113181761585572
3.2354061629176183,-1.0133249923448777
3.237368437283453,-1.0153356421189117
3.2393307116492878,-1.0173501247654841
3.2412929860151216,-1.0193684395546605
3.2432552603809564,-1.0213905857417536
3.24521753474679,-1.0234165625673195
3.247179809112625,-1.0254463692571685
